V3
1
torchEquip
2
iLeftHandType
11
11
iRightHandType
0
0
0
21
596236441
4007425560
7891816
596236441
1039225057
7891816
596236441
3192229306
7891816
596236441
2225780556
7891816
596236441
2715733982
7891816
596236441
1925298183
7891816
596236441
2349301053
7891816
596236441
2878487174
7891816
596236441
3409663323
7891816
596236441
816501272
7891816
596236441
4124292293
7891816
596236441
2657435398
7891816
596236441
48648779
7891816
596236441
7161888
7891816
314061227
484884377
7891816
596236441
4092014357
7891816
596236441
388215596
7891816
596236441
9072709
7891816
596236441
2062047004
7891816
596236441
3504117204
7891816
596236441
1412251071
7891816
<!-- MOD_CODE ~sppffp~ OPEN -->
3193825712
3249715999
7891816
3193825712
382070661
7891816
3193825712
905172119
7891816
3193825712
2903549761
7891816
3193825712
1993632107
7891816
3193825712
3459921038
7891816
3193825712
1929686461
7891816
3193825712
315855558
7891816
3193825712
2334244218
7891816
3193825712
2216108993
7891816
3193825712
366210152
7891816
<!-- CLOSE -->
