V3
4
Magic_Equip
MagicForceEquip
MagicForceEquipLeft
MagicForceEquipRight
3
iLeftHandType
8
8
iRightHandType
8
8
iWantMountedWeaponAnims
2
2
0
45
3064642194
3406446954
7891816
3064642194
1965290889
7891816
3064642194
2719139470
7891816
3064642194
1399382835
7891816
3064642194
1524045223
7891816
3537018766
3651770697
7891816
3537018766
609036037
7891816
3064642194
3730865909
7891816
3064642194
1985483836
7891816
3064642194
2425759862
7891816
3064642194
2176194038
7891816
3064642194
1468827536
7891816
3064642194
1667887448
7891816
3064642194
2107587344
7891816
3064642194
1087259198
7891816
3064642194
1710397901
7891816
3064642194
2201789831
7891816
3537018766
366766706
7891816
3537018766
1652301692
7891816
3064642194
2525573151
7891816
3064642194
345200390
7891816
3064642194
1538809610
7891816
3064642194
2759601375
7891816
3064642194
2212059164
7891816
3064642194
245509699
7891816
3064642194
605638609
7891816
3064642194
3543643369
7891816
3064642194
4238486285
7891816
3064642194
2476591948
7891816
3064642194
1863968959
7891816
3064642194
3495835627
7891816
3064642194
2159266122
7891816
3064642194
2991962805
7891816
3064642194
2891861890
7891816
3064642194
3981583375
7891816
3064642194
2512619979
7891816
3064642194
901687286
7891816
3064642194
974239227
7891816
3064642194
1248316053
7891816
3064642194
726572543
7891816
3064642194
893741256
7891816
3064642194
4280603660
7891816
3064642194
2276817352
7891816
3064642194
677856760
7891816
3064642194
841562283
7891816
<!-- MOD_CODE ~sppftp~ OPEN -->
2490547786
1883305016
7891816
2490547786
2624503219
7891816
2490547786
366174448
7891816
2490547786
674745694
7891816
2490547786
1170627602
7891816
2490547786
247421920
7891816
2490547786
3054857463
7891816
2490547786
272541766
7891816
2490547786
3128217113
7891816
2490547786
3736170931
7891816
2490547786
2003650387
7891816
<!-- CLOSE -->
