V3
4
Magic_Equip
MagicForceEquip
MagicForceEquipLeft
MagicForceEquipRight
3
iLeftHandType
8
8
iRightHandType
9
9
iWantMountedWeaponAnims
2
2
0
45
3064642194
3406446954
7891816
3064642194
1965290889
7891816
3064642194
2719139470
7891816
3064642194
1399382835
7891816
3064642194
1524045223
7891816
3537018766
3651770697
7891816
3537018766
609036037
7891816
3537018766
366766706
7891816
3537018766
1652301692
7891816
3064642194
4134806053
7891816
3064642194
245509699
7891816
3064642194
605638609
7891816
3064642194
3543643369
7891816
3064642194
4238486285
7891816
3064642194
1517485420
7891816
3064642194
2476591948
7891816
3064642194
3827903556
7891816
3064642194
5717022
7891816
3064642194
1363733823
7891816
3064642194
1220579617
7891816
3064642194
3155901814
7891816
3064642194
2488479641
7891816
3064642194
2944729134
7891816
3064642194
23760943
7891816
3064642194
1520768652
7891816
3064642194
3671712259
7891816
3064642194
3619478558
7891816
3064642194
2020532270
7891816
3064642194
1356361824
7891816
3064642194
2097439446
7891816
3064642194
239072547
7891816
3064642194
1585392794
7891816
3064642194
1863968959
7891816
3064642194
3495835627
7891816
3064642194
2159266122
7891816
3729484155
2738515944
7891816
3064642194
3717770220
7891816
3064642194
3235616554
7891816
3064642194
2991962805
7891816
3064642194
2891861890
7891816
3064642194
3981583375
7891816
3064642194
2512619979
7891816
3064642194
901687286
7891816
3064642194
974239227
7891816
3064642194
1248316053
7891816
<!-- MOD_CODE ~sppftp~ OPEN -->
2490547786
1883305016
7891816
2490547786
2624503219
7891816
2490547786
366174448
7891816
2490547786
674745694
7891816
2490547786
1170627602
7891816
2490547786
247421920
7891816
2490547786
3054857463
7891816
2490547786
272541766
7891816
2490547786
3128217113
7891816
2490547786
3736170931
7891816
2490547786
2003650387
7891816
<!-- CLOSE -->
